c1_category,c2_category,leaf_category
Servo System,Servo System Accessories,Encoder Cable
Servo System,Servo System Accessories,Brake Cable
Servo System,Servo System Accessories,Power Cable
Servo System,Servo System Accessories,Encoder Cable
Servo System,Servo System Accessories,Encoder Cable
Servo System,Servo System Accessories,Encoder Cable
Servo System,Servo System Accessories,Encoder Cable
Servo System,Servo System Accessories,Encoder Cable
Servo System,Servo System Accessories,Encoder Cable
Servo System,Servo System Accessories,Encoder Cable
Servo System,Servo System Accessories,Encoder Cable
Servo System,Servo System Accessories,Encoder Cable
Servo System,Servo System Accessories,Encoder Cable
Servo System,Servo System Accessories,Encoder Cable
Servo System,Servo System Accessories,Encoder Cable
Servo System,Servo System Accessories,Encoder Cable
Servo System,Servo System Accessories,Encoder Cable
Servo System,Servo System Accessories,Encoder Cable
Servo System,Servo System Accessories,Encoder Cable
Servo System,Servo System Accessories,Encoder Cable
Servo System,Servo System Accessories,Encoder Cable
Servo System,Servo System Accessories,Encoder Cable
Servo System,Servo System Accessories,Encoder Cable
Servo System,Servo System Accessories,Encoder Cable
Servo System,Servo System Accessories,Encoder Cable
Servo System,Servo System Accessories,Encoder Cable
Servo System,Servo System Accessories,Encoder Cable
Servo System,Servo System Accessories,Encoder Cable
Servo System,Servo System Accessories,Encoder Cable
Servo System,Servo System Accessories,Encoder Cable