c1_category,c2_category,leaf_category
Servo System,Servo System Accessories,Simple Converter MR-CM
Servo System,Servo System Accessories,Power Regeneration Converter
Servo System,Servo System Accessories,Power Regeneration Converter
Servo System,Servo System Accessories,Power Regeneration Converter
Servo System,Servo System Accessories,Power Regeneration Converter
Servo System,Servo System Accessories,Power Regeneration Converter
Servo System,Servo System Accessories,Power Regeneration Converter
Servo System,Servo System Accessories,Power Regeneration Converter
Servo System,Servo System Accessories,Motor Cable For HK-KT/HK-MT/HK-RT
Servo System,Servo System Accessories,Motor Cable For HK-KT/HK-MT/HK-RT
Servo System,Servo System Accessories,Motor Cable For HK-KT/HK-MT/HK-RT
Servo System,Servo System Accessories,Motor Cable For HK-KT/HK-MT/HK-RT
Servo System,Servo System Accessories,Motor Cable For HK-KT/HK-MT/HK-RT
Servo System,Servo System Accessories,Motor Cable For HK-KT/HK-MT/HK-RT
Servo System,Servo System Accessories,Motor Cable For HK-KT/HK-MT/HK-RT
Servo System,Servo System Accessories,Motor Cable For HK-KT/HK-MT/HK-RT
Servo System,Servo System Accessories,Motor Cable For HK-KT/HK-MT/HK-RT
Servo System,Servo System Accessories,Motor Cable For HK-KT/HK-MT/HK-RT
Servo System,Servo System Accessories,Motor Cable For HK-KT/HK-MT/HK-RT
Servo System,Servo System Accessories,Motor Cable For HK-KT/HK-MT/HK-RT
Servo System,Servo System Accessories,Motor Cable For HK-KT/HK-MT/HK-RT
Servo System,Servo System Accessories,Motor Cable For HK-KT/HK-MT/HK-RT
Servo System,Servo System Accessories,Motor Cable For HK-KT/HK-MT/HK-RT
Servo System,Servo System Accessories,Motor Cable For HK-KT/HK-MT/HK-RT
Servo System,Servo System Accessories,Motor Cable For HK-KT/HK-MT/HK-RT
Servo System,Servo System Accessories,Motor Cable For HK-KT/HK-MT/HK-RT
Servo System,Servo System Accessories,Motor Cable For HK-KT/HK-MT/HK-RT
Servo System,Servo System Accessories,Motor Cable For HK-KT/HK-MT/HK-RT
Servo System,Servo System Accessories,Motor Cable For HK-KT/HK-MT/HK-RT
Servo System,Servo System Accessories,Motor Cable For HK-KT/HK-MT/HK-RT
Servo System,Servo System Accessories,Motor Cable For HK-KT/HK-MT/HK-RT
Servo System,Servo System Accessories,Motor Cable For HK-KT/HK-MT/HK-RT
Servo System,Servo System Accessories,Motor Cable For HK-KT/HK-MT/HK-RT
Servo System,Servo System Accessories,Motor Cable For HK-KT/HK-MT/HK-RT
Servo System,Servo System Accessories,Motor Cable For HK-KT/HK-MT/HK-RT
Servo System,Servo System Accessories,Motor Cable For HK-KT/HK-MT/HK-RT
Servo System,Servo System Accessories,Motor Cable For HK-KT/HK-MT/HK-RT
Servo System,Servo System Accessories,Motor Cable For HK-KT/HK-MT/HK-RT
Servo System,Servo System Accessories,Motor Cable For HK-KT/HK-MT/HK-RT
Servo System,Servo System Accessories,Motor Cable For HK-KT/HK-MT/HK-RT
Servo System,Servo System Accessories,Motor Cable For HK-KT/HK-MT/HK-RT
Servo System,Servo System Accessories,Motor Cable For HK-KT/HK-MT/HK-RT
Servo System,Servo System Accessories,Motor Cable For HK-KT/HK-MT/HK-RT
Servo System,Servo System Accessories,Motor Cable For HK-KT/HK-MT/HK-RT
Servo System,Servo System Accessories,Motor Cable For HK-KT/HK-MT/HK-RT
Servo System,Servo System Accessories,Motor Cable For HK-KT/HK-MT/HK-RT
Servo System,Servo System Accessories,Motor Cable For HK-KT/HK-MT/HK-RT
Servo System,Servo System Accessories,Motor Cable For HK-KT/HK-MT/HK-RT
Servo System,Servo System Accessories,Motor Cable For HK-KT/HK-MT/HK-RT
Servo System,Servo System Accessories,Motor Cable For HK-KT/HK-MT/HK-RT
Servo System,Servo System Accessories,Motor Cable For HK-KT/HK-MT/HK-RT
Servo System,Servo System Accessories,Motor Cable For HK-KT/HK-MT/HK-RT
Servo System,Servo System Accessories,Motor Cable For HK-KT/HK-MT/HK-RT
Servo System,Servo System Accessories,Motor Cable For HK-KT/HK-MT/HK-RT
Servo System,Servo System Accessories,Motor Cable For HK-KT/HK-MT/HK-RT
Servo System,Servo System Accessories,Motor Cable For HK-KT/HK-MT/HK-RT
Servo System,Servo System Accessories,"Motor Cable For HK-KT, Cable Without Brake Wires"
Servo System,Servo System Accessories,"Motor Cable For HK-KT, Cable Without Brake Wires"
Servo System,Servo System Accessories,"Motor Cable For HK-KT, Cable With Brake Wires"
Servo System,Servo System Accessories,"Motor Cable For HK-KT, Cable With Brake Wires"
Servo System,Servo System Accessories,"Motor Cable For HK-KT, Cable Without Brake Wires"
Servo System,Servo System Accessories,"Motor Cable For HK-KT, Cable Without Brake Wires"
Servo System,Servo System Accessories,"Motor Cable For HK-KT, Cable With Brake Wires"
Servo System,Servo System Accessories,"Motor Cable For HK-KT, Cable With Brake Wires"
Servo System,Servo System Accessories,Encoder Cable With MR-AEPB2J10CBL03M
Servo System,Servo System Accessories,Encoder Cable With MR-AEPB2J10CBL03M
Servo System,Servo System Accessories,Encoder Cable With MR-AEPB2J10CBL03M
Servo System,Servo System Accessories,Encoder Cable With MR-AEPB2J10CBL03M
Servo System,Servo System Accessories,Encoder Cable With MR-AEPB2J10CBL03M
Servo System,Servo System Accessories,Encoder Cable With MR-AEPB2J10CBL03M
Servo System,Servo System Accessories,Encoder Cable With MR-AEPB2J10CBL03M
Servo System,Servo System Accessories,Encoder Cable With MR-AEPB2J10CBL03M
Servo System,Servo System Accessories,Encoder Cable With MR-AEPB2J10CBL03M
Servo System,Servo System Accessories,Encoder Cable With MR-AEPB2J10CBL03M
Servo System,Servo System Accessories,Encoder Cable With MR-AEPB2J10CBL03M
Servo System,Servo System Accessories,Encoder Cable With MR-AEPB2J10CBL03M
Servo System,Servo System Accessories,Motor Power Connector Set
Servo System,Servo System Accessories,Motor Power Connector Set
Servo System,Servo System Accessories,Drive Connectors For Servo Amplifier/Drive Units
Servo System,Servo System Accessories,Power Regeneration Converter Unit Connetor For MR-CV
Servo System,Servo System Accessories,Bus Bar Adjustment For Even MR-J5D-G4 Drive
Servo System,Servo System Accessories,Bus Bar Between Converter & Drive Unit
Servo System,Servo System Accessories,Bus Bar Between Converter & Drive Unit
Servo System,Servo System Accessories,Bus Bar Between Converter & Drive Unit
Servo System,Servo System Accessories,Bus Bar Between Converter & Drive Unit
Servo System,Servo System Accessories,Bus Bar Between Converter & Drive Unit
Servo System,Servo System Accessories,Bus Bar Between Converter & Drive Unit
Servo System,Servo System Accessories,"USB Key For Motion Control Software, 16 Axes"
Servo System,Servo System Accessories,"USB Key For Motion Control Software, 32 Axes"
Servo System,Servo System Accessories,"USB Key For Motion Control Software, 64 Axes"
Servo System,Servo System Accessories,"USB Key For Motion Control Software, 128 Axes"
Servo System,Servo System Accessories,Protection Coordination Cable Between Converter & Drive Unit
Servo System,Servo System Accessories,Protection Coordination Cable Between Converter & Drive Unit
Servo System,Servo System Accessories,Protection Connecting Cable Between Drive Units
Servo System,Servo System Accessories,Mounting Attachment For MR-CV11K4 & MR-CV18K4
Servo System,Servo System Accessories,Mounting Attachment For MR-CV30K4 & MR-CV45K4
Servo System,Servo System Accessories,Mounting Attachment For MR-CV55K4 & MR-CV75K4
Servo System,Servo System Accessories,Mounting Drive Unit Attachment
Servo System,Servo System Accessories,Mounting Drive Attachment For MR-J5D2-500G4 & MR-J5D2-700G4
Servo System,Servo System Accessories,Side Protection Cover
Servo System,Servo System Accessories,AC Reactor For MR-CV11K4
Servo System,Servo System Accessories,AC Reactor For MR-CV18K4
Servo System,Servo System Accessories,AC Reactor For MR-CV30K4
Servo System,Servo System Accessories,AC Reactor For MR-CV37K4
Servo System,Servo System Accessories,AC Reactor For MR-CV45K4
Servo System,Servo System Accessories,AC Reactor For MR-CV55K4
Servo System,Servo System Accessories,AC Reactor For MR-CV75K4